86.853000 16.334000 1.5912 3.1221 3.6200
87.853000 16.334000 1.9652 3.7555 3.8200
88.853000 16.334000 2.4041 4.4818 4.0100
89.853000 16.334000 2.9144 5.3017 4.2000
90.853000 16.334000 3.3743 6.0283 4.3400
91.853000 16.334000 3.6984 6.5333 4.4200
92.853000 16.334000 3.7885 6.6703 4.4500
93.853000 16.334000 3.7269 6.5758 4.4300
94.853000 16.334000 3.0103 4.6663 4.2300
95.853000 16.334000 2.5726 3.9415 4.0800
96.853000 16.334000 2.5504 4.7149 4.0700
97.853000 16.334000 1.9425 3.4444 3.8100
98.853000 16.334000 1.6927 3.2954 3.6800
99.853000 16.334000 1.3746 2.7469 3.4800
100.853000 16.334000 1.1176 2.2974 3.2800
101.853000 16.334000 0.9249 1.9390 3.1000
102.853000 16.334000 0.7672 1.6496 2.9200
103.853000 16.334000 0.6426 1.4119 2.7500
104.853000 16.334000 0.5408 1.2163 2.5900
86.853000 15.334000 1.8563 3.5725 3.7700
87.853000 15.334000 2.3551 4.4001 3.9900
88.853000 15.334000 3.0669 5.5450 4.2500
89.853000 15.334000 3.9369 6.8940 4.4800
90.853000 15.334000 4.7845 8.1819 4.6700
91.853000 15.334000 5.5259 9.2818 4.8100
92.853000 15.334000 5.7172 9.5592 4.8400
93.853000 15.334000 5.5818 9.3641 4.8200
94.853000 15.334000 5.0399 8.5637 4.7200
95.853000 15.334000 4.1695 7.2435 4.5400
96.853000 15.334000 3.3310 5.9596 4.3200
97.853000 15.334000 1.9209 2.7635 3.8000
98.853000 15.334000 1.9952 3.8059 3.8300
99.853000 15.334000 1.5873 3.1155 3.6200
100.853000 15.334000 1.2483 2.5250 3.3900
101.853000 15.334000 1.1081 2.0698 3.2700
102.853000 15.334000 0.8348 1.7753 3.0000
103.853000 15.334000 0.6843 1.4919 2.8100
104.853000 15.334000 0.5713 1.2758 2.6400
86.853000 14.334000 2.1208 4.0136 3.8900
87.853000 14.334000 2.8120 5.1380 4.1600
88.853000 14.334000 3.8855 6.8197 4.4700
89.853000 14.334000 5.3400 8.9974 4.7800
90.853000 14.334000 7.2404 11.7491 5.1700
91.853000 14.334000 9.2019 14.4894 5.7100
92.853000 14.334000 9.5194 14.9197 5.7900
93.853000 14.334000 9.3712 14.7219 5.7500
94.853000 14.334000 7.8566 12.6214 5.3600
95.853000 14.334000 5.8090 9.6897 4.8600
96.853000 14.334000 4.3278 7.4917 4.5700
97.853000 14.334000 2.6789 4.2201 4.1200
98.853000 14.334000 2.3012 4.3100 3.9700
99.853000 14.334000 1.7851 3.4523 3.7300
100.853000 14.334000 1.3685 2.7364 3.4700
101.853000 14.334000 1.0928 2.2325 3.2600
102.853000 14.334000 0.8881 1.8741 3.0600
103.853000 14.334000 0.7199 1.5597 2.8600
104.853000 14.334000 0.5954 1.3226 2.6800
86.853000 13.334000 2.3378 4.3696 3.9900
87.853000 13.334000 3.2303 5.7986 4.3000
88.853000 13.334000 4.6098 7.9191 4.6300
89.853000 13.334000 6.9377 11.3113 5.0700
90.853000 13.334000 10.6397 16.4558 6.0300
91.853000 13.334000 15.5382 22.9403 6.8200
92.853000 13.334000 13.0167 14.5284 6.2200
93.853000 13.334000 16.2086 23.7631 6.9000
94.853000 13.334000 11.8679 18.1059 6.2600
95.853000 13.334000 7.7639 12.4884 5.3300
96.853000 13.334000 5.1587 8.7340 4.7400
97.853000 13.334000 3.5381 6.2823 4.3800
98.853000 13.334000 2.5517 4.7043 4.0700
99.853000 13.334000 1.6789 2.6766 3.6700
100.853000 13.334000 1.1381 1.6014 3.3000
101.853000 13.334000 1.1398 2.3277 3.3000
102.853000 13.334000 0.9134 1.9211 3.0900
103.853000 13.334000 0.7425 1.6023 2.8900
104.853000 13.334000 0.6109 1.3531 2.7000
86.853000 12.334000 2.4319 4.5249 4.0200
87.853000 12.334000 3.3697 6.0191 4.3400
88.853000 12.334000 5.0399 8.5638 4.7200
89.853000 12.334000 8.0130 12.8322 5.4000
90.853000 12.334000 13.5959 20.3806 6.5500
91.853000 12.334000 24.8186 35.4516 7.7200
92.853000 12.334000 28.2391 34.4736 7.6800
93.853000 12.334000 26.8942 38.0485 7.8300
94.853000 12.334000 16.1255 23.6862 6.8900
95.853000 12.334000 9.2119 14.5097 5.7200
96.853000 12.334000 5.8379 9.7338 4.8600
97.853000 12.334000 3.2729 5.0289 4.3100
98.853000 12.334000 2.6735 4.9167 4.1100
99.853000 12.334000 1.4697 2.1580 3.5400
100.853000 12.334000 1.4881 2.9447 3.5500
101.853000 12.334000 1.1607 2.3761 3.3200
102.853000 12.334000 0.9370 1.9640 3.1100
103.853000 12.334000 0.7514 1.6192 2.9000
104.853000 12.334000 0.6182 1.3666 2.7200
86.853000 11.334000 2.4378 4.5338 4.0300
87.853000 11.334000 3.3753 6.0278 4.3400
88.853000 11.334000 5.0679 8.6054 4.7300
89.853000 11.334000 8.1713 13.0508 5.4500
90.853000 11.334000 14.0247 20.9393 6.6100
91.853000 11.334000 27.4986 38.7770 7.8600
92.853000 11.334000 34.4709 44.7235 8.0700
93.853000 11.334000 30.2656 42.2015 7.9800
94.853000 11.334000 16.7733 24.5158 6.9700
95.853000 11.334000 9.3438 14.6971 5.7500
96.853000 11.334000 5.8828 9.7991 4.8700
97.853000 11.334000 3.7952 6.6815 4.4500
98.853000 11.334000 1.9738 2.7941 3.8200
99.853000 11.334000 1.9991 3.8119 3.8400
100.853000 11.334000 1.4949 2.9566 3.5600
101.853000 11.334000 1.1728 2.3913 3.3300
102.853000 11.334000 0.8202 1.4977 2.9900
103.853000 11.334000 0.7644 1.6436 2.9200
104.853000 11.334000 0.6309 1.3914 2.7400
86.853000 10.334000 2.4351 4.5281 4.0300
87.853000 10.334000 3.4359 6.1194 4.3500
88.853000 10.334000 5.0842 8.6236 4.7300
89.853000 10.334000 8.2369 13.1284 5.4600
90.853000 10.334000 14.7906 21.8799 6.7200
91.853000 10.334000 27.4282 38.6656 7.8500
92.853000 10.334000 36.1294 51.7524 8.2900
93.853000 10.334000 29.7861 41.5716 7.9600
94.853000 10.334000 17.1975 25.0320 7.0200
95.853000 10.334000 9.6276 15.0841 5.8100
96.853000 10.334000 6.0065 9.9774 4.8900
97.853000 10.334000 3.9963 6.9885 4.5000
98.853000 10.334000 2.8345 5.1754 4.1700
99.853000 10.334000 2.0974 3.9749 3.8800
100.853000 10.334000 1.5908 3.1215 3.6200
101.853000 10.334000 1.2445 2.5178 3.3800
102.853000 10.334000 0.9973 2.0740 3.1700
103.853000 10.334000 0.5995 0.9847 2.6900
104.853000 10.334000 0.8360 2.1980 3.0000
86.853000 9.334000 2.3712 4.4262 4.0000
87.853000 9.334000 3.2801 5.8788 4.3100
88.853000 9.334000 4.8814 8.3276 4.6900
89.853000 9.334000 7.6784 12.3672 5.3000
90.853000 9.334000 12.8933 19.4564 6.4400
91.853000 9.334000 23.9272 34.3364 7.6700
92.853000 9.334000 35.3092 46.3610 8.1300
93.853000 9.334000 29.6230 43.5431 8.0300
94.853000 9.334000 18.8334 27.8597 7.2300
95.853000 9.334000 11.2334 17.2663 6.1500
96.853000 9.334000 7.0224 11.4406 5.1000
97.853000 9.334000 4.4885 7.7380 4.6100
98.853000 9.334000 3.1366 5.6531 4.2700
99.853000 9.334000 1.7049 2.4575 3.6800
100.853000 9.334000 1.7250 3.3511 3.7000
101.853000 9.334000 1.3555 2.7137 3.4700
102.853000 9.334000 1.0975 2.2556 3.2600
103.853000 9.334000 0.8800 1.8593 3.0500
104.853000 9.334000 0.5430 0.9155 2.5900
86.853000 8.334000 2.2225 4.1818 3.9400
87.853000 8.334000 2.9989 5.4354 4.2200
88.853000 8.334000 4.3510 7.5299 4.5800
89.853000 8.334000 6.7196 11.0027 4.9900
90.853000 8.334000 10.7512 16.5990 6.0500
91.853000 8.334000 18.9367 27.9840 7.2400
92.853000 8.334000 33.3888 48.3290 8.1900
93.853000 8.334000 33.0747 47.9717 8.1800
94.853000 8.334000 23.5476 33.8727 7.6500
95.853000 8.334000 13.3663 20.0912 6.5100
96.853000 8.334000 8.0244 12.8561 5.4000
97.853000 8.334000 5.0708 8.6093 4.7300
98.853000 8.334000 3.1263 4.6497 4.2600
99.853000 8.334000 2.6432 4.8670 4.1000
100.853000 8.334000 1.9497 3.7300 3.8100
101.853000 8.334000 1.4938 2.9572 3.5600
102.853000 8.334000 1.1923 2.4251 3.3400
103.853000 8.334000 0.9409 1.9715 3.1200
104.853000 8.334000 0.7621 1.6410 2.9200
86.853000 7.334000 2.0411 3.8807 3.8600
87.853000 7.334000 2.7718 5.0718 4.1500
88.853000 7.334000 3.9211 6.8718 4.4800
89.853000 7.334000 5.9903 9.9437 4.8800
90.853000 7.334000 9.8647 15.3733 5.8700
91.853000 7.334000 18.1509 26.2178 7.1200
92.853000 7.334000 30.1305 44.1338 8.0500
93.853000 7.334000 30.4640 30.3804 7.4900
94.853000 7.334000 25.7835 36.6552 7.7700
95.853000 7.334000 15.7096 23.1355 6.8400
96.853000 7.334000 9.6564 15.1133 5.8200
97.853000 7.334000 6.1540 10.1959 4.9100
98.853000 7.334000 4.1318 7.1593 4.5300
99.853000 7.334000 2.7978 4.9749 4.1600
100.853000 7.334000 2.4522 4.0949 4.0300
101.853000 7.334000 1.6062 3.1412 3.6300
102.853000 7.334000 1.2444 2.5194 3.3800
103.853000 7.334000 0.9867 2.0551 3.1600
104.853000 7.334000 0.7989 1.7104 2.9600
86.853000 6.334000 1.8992 3.6444 3.7900
87.853000 6.334000 2.5520 4.7197 4.0700
88.853000 6.334000 3.6649 6.4803 4.4200
89.853000 6.334000 5.5222 9.2665 4.8100
90.853000 6.334000 8.6670 13.7500 5.5800
91.853000 6.334000 15.6985 23.1332 6.8400
92.853000 6.334000 28.9130 40.5201 7.9200
93.853000 6.334000 35.9371 51.5989 8.2900
94.853000 6.334000 29.5073 43.4099 8.0300
95.853000 6.334000 20.4688 29.9420 7.3900
96.853000 6.334000 12.3378 18.7231 6.3500
97.853000 6.334000 7.0290 11.4566 5.1000
98.853000 6.334000 4.5416 7.8179 4.6200
99.853000 6.334000 2.7643 4.3365 4.1500
100.853000 6.334000 2.3122 4.1139 3.9800
101.853000 6.334000 1.2710 1.8542 3.4000
102.853000 6.334000 1.3454 2.6956 3.4600
103.853000 6.334000 1.0531 2.1758 3.2200
104.853000 6.334000 0.8502 1.8057 3.0200
86.853000 5.334000 1.7978 3.4735 3.7400
87.853000 5.334000 2.4191 4.5030 4.0200
88.853000 5.334000 3.3543 5.9956 4.3300
89.853000 5.334000 4.9281 8.3885 4.7000
90.853000 5.334000 7.6916 12.3787 5.3100
91.853000 5.334000 12.8991 19.4664 6.4400
92.853000 5.334000 22.7503 32.7833 7.5800
93.853000 5.334000 35.1404 50.5837 8.2600
94.853000 5.334000 37.1631 53.6776 8.3500
95.853000 5.334000 22.0899 27.1097 7.2900
96.853000 5.334000 10.4422 12.1384 5.8400
97.853000 5.334000 7.9732 12.7891 5.3900
98.853000 5.334000 5.1298 8.6662 4.7400
99.853000 5.334000 3.6986 6.0747 4.4200
100.853000 5.334000 2.5418 3.9530 4.0700
101.853000 5.334000 1.8704 3.5855 3.7700
102.853000 5.334000 1.4386 2.8597 3.5200
103.853000 5.334000 1.1258 2.3065 3.2900
104.853000 5.334000 0.8998 1.8973 3.0700
86.853000 4.334000 1.6627 3.2439 3.6600
87.853000 4.334000 2.2107 4.1609 3.9300
88.853000 4.334000 3.0087 5.4509 4.2300
89.853000 4.334000 4.2869 7.4245 4.5700
90.853000 4.334000 6.3765 10.5058 4.9400
91.853000 4.334000 10.1808 15.8200 5.9300
92.853000 4.334000 19.1066 27.3514 7.2200
93.853000 4.334000 30.5812 44.6845 8.0700
94.853000 4.334000 34.6274 50.0141 8.2400
95.853000 4.334000 29.3752 30.3930 7.4900
96.853000 4.334000 17.1996 25.0064 7.0200
97.853000 4.334000 9.4444 14.8415 5.7700
98.853000 4.334000 5.8830 9.7942 4.8700
99.853000 4.334000 3.9420 6.8586 4.4900
100.853000 4.334000 2.6732 4.7022 4.1100
101.853000 4.334000 2.0047 3.8151 3.8400
102.853000 4.334000 1.5210 3.0034 3.5800
103.853000 4.334000 1.1763 2.3969 3.3300
104.853000 4.334000 0.9326 1.9579 3.1100
86.853000 3.334000 1.5155 2.9917 3.5700
87.853000 3.334000 1.9444 3.7206 3.8100
88.853000 3.334000 2.6158 4.8242 4.0900
89.853000 3.334000 3.6744 6.4897 4.4200
90.853000 3.334000 5.3362 8.9978 4.7700
91.853000 3.334000 8.7092 13.8188 5.5900
92.853000 3.334000 16.0322 23.4795 6.8800
93.853000 3.334000 30.1218 41.9112 7.9700
94.853000 3.334000 36.1362 51.8517 8.2900
95.853000 3.334000 28.9082 42.6291 8.0000
96.853000 3.334000 18.9831 28.0191 7.2400
97.853000 3.334000 10.5130 16.2926 6.0100
98.853000 3.334000 6.1568 9.8766 4.9100
99.853000 3.334000 4.2039 7.3037 4.5500
100.853000 3.334000 2.8353 5.1768 4.1700
101.853000 3.334000 1.9114 3.2425 3.7900
102.853000 3.334000 1.5688 3.0832 3.6100
103.853000 3.334000 1.1933 2.4273 3.3400
104.853000 3.334000 0.9436 1.9779 3.1200
86.853000 2.334000 1.3762 2.7495 3.4800
87.853000 2.334000 1.7895 3.4591 3.7300
88.853000 2.334000 2.3966 4.4679 4.0100
89.853000 2.334000 3.3683 6.0143 4.3300
90.853000 2.334000 4.9658 8.4450 4.7100
91.853000 2.334000 7.7623 12.4879 5.3300
92.853000 2.334000 13.2328 19.8799 6.4900
93.853000 2.334000 21.4762 31.1692 7.4700
94.853000 2.334000 25.4270 36.1493 7.7500
95.853000 2.334000 20.4812 29.9082 7.3800
96.853000 2.334000 15.4248 22.7403 6.8000
97.853000 2.334000 7.0316 8.5937 5.0800
98.853000 2.334000 5.8595 9.7435 4.8600
99.853000 2.334000 3.9390 6.8995 4.4800
100.853000 2.334000 2.0667 2.9426 3.8700
101.853000 2.334000 1.7982 2.7952 3.7400
102.853000 2.334000 1.5210 3.0004 3.5800
103.853000 2.334000 0.8838 1.4006 3.0600
104.853000 2.334000 0.9317 1.9573 3.1100
86.853000 1.334000 1.2909 2.5997 3.4200
87.853000 1.334000 1.6765 3.2670 3.6700
88.853000 1.334000 2.2250 4.1858 3.9400
89.853000 1.334000 3.0601 5.5298 4.2400
90.853000 1.334000 4.3620 7.5385 4.5800
91.853000 1.334000 6.3810 10.5204 4.9500
92.853000 1.334000 9.4580 14.8328 5.7700
93.853000 1.334000 12.9580 19.5217 6.4500
94.853000 1.334000 13.7313 20.5314 6.5700
95.853000 1.334000 11.9947 18.2262 6.2800
96.853000 1.334000 9.7128 15.1687 5.8300
97.853000 1.334000 7.0613 11.4847 5.1100
98.853000 1.334000 3.6821 4.8805 4.4200
99.853000 1.334000 3.4728 6.1777 4.3600
100.853000 1.334000 2.5123 4.6547 4.0600
101.853000 1.334000 1.8835 3.5956 3.7800
102.853000 1.334000 1.2446 2.1428 3.3800
103.853000 1.334000 0.8262 1.2000 2.9900
104.853000 1.334000 0.8989 1.8934 3.0700
86.853000 0.334000 1.1986 2.4372 3.3500
87.853000 0.334000 1.5156 2.9919 3.5700
88.853000 0.334000 1.9887 3.7954 3.8300
89.853000 0.334000 2.6351 4.8541 4.1000
90.853000 0.334000 3.5039 6.2288 4.3700
91.853000 0.334000 4.8040 8.2118 4.6700
92.853000 0.334000 6.3531 10.4803 4.9400
93.853000 0.334000 7.5514 12.1973 5.2700
94.853000 0.334000 7.7701 12.5065 5.3300
95.853000 0.334000 6.9913 11.3996 5.0900
96.853000 0.334000 6.1377 10.1744 4.9100
97.853000 0.334000 4.9607 8.4458 4.7000
98.853000 0.334000 3.5417 5.8270 4.3800
99.853000 0.334000 2.9214 5.3127 4.2000
100.853000 0.334000 2.1839 4.1195 3.9200
101.853000 0.334000 1.6841 3.2809 3.6700
102.853000 0.334000 1.1563 2.0228 3.3100
103.853000 0.334000 0.9089 1.6388 3.0800
104.853000 0.334000 0.8499 1.8107 3.0200
86.853000 -0.666000 1.0953 2.2520 3.2600
87.853000 -0.666000 1.3705 2.7392 3.4800
88.853000 -0.666000 1.7282 3.3559 3.7000
89.853000 -0.666000 2.2050 4.1525 3.9300
90.853000 -0.666000 2.8172 5.1449 4.1600
91.853000 -0.666000 3.5554 6.3081 4.3900
92.853000 -0.666000 4.3434 7.5105 4.5800
93.853000 -0.666000 4.8807 8.3187 4.6900
94.853000 -0.666000 4.9465 8.4179 4.7000
95.853000 -0.666000 4.5684 7.8507 4.6300
96.853000 -0.666000 4.1067 7.1528 4.5200
97.853000 -0.666000 3.5534 6.3034 4.3900
98.853000 -0.666000 2.9114 5.2904 4.2000
99.853000 -0.666000 2.3052 4.2406 3.9700
100.853000 -0.666000 1.8505 3.5622 3.7600
101.853000 -0.666000 1.4737 2.9194 3.5500
102.853000 -0.666000 1.1865 2.4146 3.3400
103.853000 -0.666000 0.9617 2.0095 3.1400
104.853000 -0.666000 0.7874 1.6889 2.9500
86.853000 -1.666000 0.9815 2.0458 3.1600
87.853000 -1.666000 1.2002 2.4388 3.3500
88.853000 -1.666000 1.4687 2.9106 3.5400
89.853000 -1.666000 1.8069 3.4883 3.7400
90.853000 -1.666000 2.2026 4.1483 3.9300
91.853000 -1.666000 2.6314 4.8478 4.1000
92.853000 -1.666000 3.0451 5.5059 4.2400
93.853000 -1.666000 3.2993 5.9062 4.3200
94.853000 -1.666000 3.3269 5.9503 4.3200
95.853000 -1.666000 3.1397 5.6546 4.2700
96.853000 -1.666000 2.8732 5.2330 4.1800
97.853000 -1.666000 2.5816 4.7660 4.0800
98.853000 -1.666000 1.6741 2.4485 3.6700
99.853000 -1.666000 1.8632 3.5775 3.7700
100.853000 -1.666000 1.3310 2.2861 3.4500
101.853000 -1.666000 1.2669 2.5572 3.4000
102.853000 -1.666000 1.0452 2.1609 3.2200
103.853000 -1.666000 0.8652 1.8316 3.0400
104.853000 -1.666000 0.7193 1.5604 2.8600
